{
 "cells": [
  {
   "cell_type": "code",
   "execution_count": 1,
   "metadata": {
    "collapsed": true
   },
   "outputs": [],
   "source": [
    "import pandas as pd\n",
    "from statsmodels.formula.api import ols"
   ]
  },
  {
   "cell_type": "markdown",
   "metadata": {},
   "source": [
    "# Merging HES with list of LSOA's that are not within 1.6km of coast\n",
    "## Monthly"
   ]
  },
  {
   "cell_type": "markdown",
   "metadata": {},
   "source": [
    "### Circulatory"
   ]
  },
  {
   "cell_type": "code",
   "execution_count": 2,
   "metadata": {
    "collapsed": true
   },
   "outputs": [],
   "source": [
    "Circulatory_monthly = pd.read_csv(r'D:\\Annies_Dissertation\\Analysis\\Regression\\HES\\AllCirculatory_monthly_all.csv')"
   ]
  },
  {
   "cell_type": "code",
   "execution_count": 3,
   "metadata": {
    "collapsed": true
   },
   "outputs": [],
   "source": [
    "Circulatory_monthly = Circulatory_monthly[['Disease', 'year', 'month', 'n', 'DSR', 'lcl', 'ucl', 'score', 'rank', 'decile', 'lsoa11']]"
   ]
  },
  {
   "cell_type": "code",
   "execution_count": 5,
   "metadata": {
    "collapsed": false
   },
   "outputs": [
    {
     "data": {
      "text/html": [
       "<div>\n",
       "<table border=\"1\" class=\"dataframe\">\n",
       "  <thead>\n",
       "    <tr style=\"text-align: right;\">\n",
       "      <th></th>\n",
       "      <th>Disease</th>\n",
       "      <th>year</th>\n",
       "      <th>month</th>\n",
       "      <th>n</th>\n",
       "      <th>DSR</th>\n",
       "      <th>lcl</th>\n",
       "      <th>ucl</th>\n",
       "      <th>score</th>\n",
       "      <th>rank</th>\n",
       "      <th>decile</th>\n",
       "      <th>lsoa11</th>\n",
       "    </tr>\n",
       "  </thead>\n",
       "  <tbody>\n",
       "    <tr>\n",
       "      <th>0</th>\n",
       "      <td>All Circulatory</td>\n",
       "      <td>2009</td>\n",
       "      <td>1</td>\n",
       "      <td>NaN</td>\n",
       "      <td>69.247604</td>\n",
       "      <td>8.247776</td>\n",
       "      <td>250.557617</td>\n",
       "      <td>11.430000</td>\n",
       "      <td>22492</td>\n",
       "      <td>7</td>\n",
       "      <td>E01015272</td>\n",
       "    </tr>\n",
       "    <tr>\n",
       "      <th>1</th>\n",
       "      <td>All Circulatory</td>\n",
       "      <td>2009</td>\n",
       "      <td>1</td>\n",
       "      <td>NaN</td>\n",
       "      <td>147.841522</td>\n",
       "      <td>3.743035</td>\n",
       "      <td>823.720154</td>\n",
       "      <td>33.619999</td>\n",
       "      <td>6665</td>\n",
       "      <td>3</td>\n",
       "      <td>E01015273</td>\n",
       "    </tr>\n",
       "    <tr>\n",
       "      <th>2</th>\n",
       "      <td>All Circulatory</td>\n",
       "      <td>2009</td>\n",
       "      <td>1</td>\n",
       "      <td>NaN</td>\n",
       "      <td>187.446503</td>\n",
       "      <td>38.159660</td>\n",
       "      <td>549.000244</td>\n",
       "      <td>20.290001</td>\n",
       "      <td>13991</td>\n",
       "      <td>5</td>\n",
       "      <td>E01015274</td>\n",
       "    </tr>\n",
       "    <tr>\n",
       "      <th>3</th>\n",
       "      <td>All Circulatory</td>\n",
       "      <td>2009</td>\n",
       "      <td>1</td>\n",
       "      <td>NaN</td>\n",
       "      <td>309.000488</td>\n",
       "      <td>59.781487</td>\n",
       "      <td>912.577209</td>\n",
       "      <td>19.780001</td>\n",
       "      <td>14447</td>\n",
       "      <td>5</td>\n",
       "      <td>E01015275</td>\n",
       "    </tr>\n",
       "    <tr>\n",
       "      <th>4</th>\n",
       "      <td>All Circulatory</td>\n",
       "      <td>2009</td>\n",
       "      <td>1</td>\n",
       "      <td>NaN</td>\n",
       "      <td>162.742996</td>\n",
       "      <td>15.881656</td>\n",
       "      <td>599.259460</td>\n",
       "      <td>26.400000</td>\n",
       "      <td>10063</td>\n",
       "      <td>4</td>\n",
       "      <td>E01015276</td>\n",
       "    </tr>\n",
       "  </tbody>\n",
       "</table>\n",
       "</div>"
      ],
      "text/plain": [
       "           Disease  year  month   n         DSR        lcl         ucl  \\\n",
       "0  All Circulatory  2009      1 NaN   69.247604   8.247776  250.557617   \n",
       "1  All Circulatory  2009      1 NaN  147.841522   3.743035  823.720154   \n",
       "2  All Circulatory  2009      1 NaN  187.446503  38.159660  549.000244   \n",
       "3  All Circulatory  2009      1 NaN  309.000488  59.781487  912.577209   \n",
       "4  All Circulatory  2009      1 NaN  162.742996  15.881656  599.259460   \n",
       "\n",
       "       score   rank  decile     lsoa11  \n",
       "0  11.430000  22492       7  E01015272  \n",
       "1  33.619999   6665       3  E01015273  \n",
       "2  20.290001  13991       5  E01015274  \n",
       "3  19.780001  14447       5  E01015275  \n",
       "4  26.400000  10063       4  E01015276  "
      ]
     },
     "execution_count": 5,
     "metadata": {},
     "output_type": "execute_result"
    }
   ],
   "source": [
    "Circulatory_monthly[:5]"
   ]
  },
  {
   "cell_type": "code",
   "execution_count": 4,
   "metadata": {
    "collapsed": true
   },
   "outputs": [],
   "source": [
    "Coastal = pd.read_csv(r'D:\\Annies_Dissertation\\Analysis\\Regression\\Coastal\\Coastal.csv')"
   ]
  },
  {
   "cell_type": "code",
   "execution_count": 6,
   "metadata": {
    "collapsed": false
   },
   "outputs": [
    {
     "data": {
      "text/html": [
       "<div>\n",
       "<table border=\"1\" class=\"dataframe\">\n",
       "  <thead>\n",
       "    <tr style=\"text-align: right;\">\n",
       "      <th></th>\n",
       "      <th>LSOA11CD</th>\n",
       "      <th>LSOA11NM</th>\n",
       "      <th>LSOA11NMW</th>\n",
       "      <th>Shape_Leng</th>\n",
       "      <th>Shape_Area</th>\n",
       "    </tr>\n",
       "  </thead>\n",
       "  <tbody>\n",
       "    <tr>\n",
       "      <th>0</th>\n",
       "      <td>E01014869</td>\n",
       "      <td>South Gloucestershire 024B</td>\n",
       "      <td>South Gloucestershire 024B</td>\n",
       "      <td>14964.615170</td>\n",
       "      <td>650056.3471</td>\n",
       "    </tr>\n",
       "    <tr>\n",
       "      <th>1</th>\n",
       "      <td>E01014890</td>\n",
       "      <td>South Gloucestershire 024E</td>\n",
       "      <td>South Gloucestershire 024E</td>\n",
       "      <td>6274.358352</td>\n",
       "      <td>259511.6290</td>\n",
       "    </tr>\n",
       "    <tr>\n",
       "      <th>2</th>\n",
       "      <td>E01014891</td>\n",
       "      <td>South Gloucestershire 024F</td>\n",
       "      <td>South Gloucestershire 024F</td>\n",
       "      <td>23053.155800</td>\n",
       "      <td>870897.1260</td>\n",
       "    </tr>\n",
       "    <tr>\n",
       "      <th>3</th>\n",
       "      <td>E01015301</td>\n",
       "      <td>Bournemouth 001A</td>\n",
       "      <td>Bournemouth 001A</td>\n",
       "      <td>4589.503092</td>\n",
       "      <td>364942.5898</td>\n",
       "    </tr>\n",
       "    <tr>\n",
       "      <th>4</th>\n",
       "      <td>E01015302</td>\n",
       "      <td>Bournemouth 002A</td>\n",
       "      <td>Bournemouth 002A</td>\n",
       "      <td>6014.628294</td>\n",
       "      <td>811618.7335</td>\n",
       "    </tr>\n",
       "  </tbody>\n",
       "</table>\n",
       "</div>"
      ],
      "text/plain": [
       "    LSOA11CD                    LSOA11NM                   LSOA11NMW  \\\n",
       "0  E01014869  South Gloucestershire 024B  South Gloucestershire 024B   \n",
       "1  E01014890  South Gloucestershire 024E  South Gloucestershire 024E   \n",
       "2  E01014891  South Gloucestershire 024F  South Gloucestershire 024F   \n",
       "3  E01015301            Bournemouth 001A            Bournemouth 001A   \n",
       "4  E01015302            Bournemouth 002A            Bournemouth 002A   \n",
       "\n",
       "     Shape_Leng   Shape_Area  \n",
       "0  14964.615170  650056.3471  \n",
       "1   6274.358352  259511.6290  \n",
       "2  23053.155800  870897.1260  \n",
       "3   4589.503092  364942.5898  \n",
       "4   6014.628294  811618.7335  "
      ]
     },
     "execution_count": 6,
     "metadata": {},
     "output_type": "execute_result"
    }
   ],
   "source": [
    "Coastal[:5]"
   ]
  },
  {
   "cell_type": "code",
   "execution_count": 7,
   "metadata": {
    "collapsed": true
   },
   "outputs": [],
   "source": [
    "Coastal = Coastal.rename(columns={'LSOA11CD':'lsoa11'})"
   ]
  },
  {
   "cell_type": "code",
   "execution_count": 47,
   "metadata": {
    "collapsed": true
   },
   "outputs": [],
   "source": [
    "Circ_Coastal = Circulatory_monthly.merge(Coastal, on='lsoa11', how = 'inner')"
   ]
  },
  {
   "cell_type": "code",
   "execution_count": 48,
   "metadata": {
    "collapsed": true
   },
   "outputs": [],
   "source": [
    "Circ_Coastal.to_csv(r'D:\\Annies_Dissertation\\Analysis\\Regression\\Coastal\\Circ_Coastal.csv')"
   ]
  },
  {
   "cell_type": "markdown",
   "metadata": {},
   "source": [
    "### Respiratory"
   ]
  },
  {
   "cell_type": "code",
   "execution_count": 49,
   "metadata": {
    "collapsed": true
   },
   "outputs": [],
   "source": [
    "Respiratory_monthly = pd.read_csv(r'D:\\Annies_Dissertation\\Analysis\\Regression\\HES\\AllRespiratory_monthly_all.csv')"
   ]
  },
  {
   "cell_type": "code",
   "execution_count": 50,
   "metadata": {
    "collapsed": true
   },
   "outputs": [],
   "source": [
    "Respiratory_monthly = Respiratory_monthly[['Disease', 'year', 'month', 'n', 'DSR', 'lcl', 'ucl', 'score', 'rank', 'decile', 'lsoa11']]"
   ]
  },
  {
   "cell_type": "code",
   "execution_count": 51,
   "metadata": {
    "collapsed": true
   },
   "outputs": [],
   "source": [
    "Resp_Coastal = Respiratory_monthly.merge(Coastal, on='lsoa11', how = 'inner')"
   ]
  },
  {
   "cell_type": "code",
   "execution_count": 52,
   "metadata": {
    "collapsed": true
   },
   "outputs": [],
   "source": [
    "Resp_Coastal.to_csv(r'D:\\Annies_Dissertation\\Analysis\\Regression\\Coastal\\Resp_Coastal.csv')"
   ]
  },
  {
   "cell_type": "markdown",
   "metadata": {},
   "source": [
    "## Merging Coastal HES and AP\n",
    "### Reading in LSOA AP data"
   ]
  },
  {
   "cell_type": "code",
   "execution_count": 53,
   "metadata": {
    "collapsed": true
   },
   "outputs": [],
   "source": [
    "AP_Monthly = pd.read_csv(r'D:\\Annies_Dissertation\\Analysis\\Regression\\Monthly_PM25_LSOA.csv')"
   ]
  },
  {
   "cell_type": "code",
   "execution_count": 54,
   "metadata": {
    "collapsed": true
   },
   "outputs": [],
   "source": [
    "AP_Monthly = AP_Monthly.rename(columns={'LSOA':'lsoa11', 'value':'PM25'})"
   ]
  },
  {
   "cell_type": "code",
   "execution_count": 55,
   "metadata": {
    "collapsed": true
   },
   "outputs": [],
   "source": [
    "AP_Monthly = AP_Monthly[['time', 'lsoa11', 'PM25', 'month', 'year']].dropna()"
   ]
  },
  {
   "cell_type": "markdown",
   "metadata": {},
   "source": [
    "### Merging"
   ]
  },
  {
   "cell_type": "code",
   "execution_count": 56,
   "metadata": {
    "collapsed": true
   },
   "outputs": [],
   "source": [
    "Circ_AP = pd.merge(Circ_Coastal, AP_Monthly, on=['year', 'month','lsoa11'], how='inner')"
   ]
  },
  {
   "cell_type": "code",
   "execution_count": 57,
   "metadata": {
    "collapsed": true
   },
   "outputs": [],
   "source": [
    "Resp_AP = pd.merge(Resp_Coastal, AP_Monthly, on=['year', 'month','lsoa11'], how='inner')"
   ]
  },
  {
   "cell_type": "code",
   "execution_count": 58,
   "metadata": {
    "collapsed": false
   },
   "outputs": [
    {
     "data": {
      "text/html": [
       "<div>\n",
       "<table border=\"1\" class=\"dataframe\">\n",
       "  <thead>\n",
       "    <tr style=\"text-align: right;\">\n",
       "      <th></th>\n",
       "      <th>year</th>\n",
       "      <th>month</th>\n",
       "      <th>n</th>\n",
       "      <th>DSR</th>\n",
       "      <th>lcl</th>\n",
       "      <th>ucl</th>\n",
       "      <th>score</th>\n",
       "      <th>rank</th>\n",
       "      <th>decile</th>\n",
       "      <th>Shape_Leng</th>\n",
       "      <th>Shape_Area</th>\n",
       "      <th>PM25</th>\n",
       "    </tr>\n",
       "  </thead>\n",
       "  <tbody>\n",
       "    <tr>\n",
       "      <th>year</th>\n",
       "      <td>1.000000</td>\n",
       "      <td>-0.134689</td>\n",
       "      <td>-0.041532</td>\n",
       "      <td>-0.040685</td>\n",
       "      <td>-0.023232</td>\n",
       "      <td>-0.048906</td>\n",
       "      <td>-0.002904</td>\n",
       "      <td>0.002631</td>\n",
       "      <td>0.002655</td>\n",
       "      <td>-0.003604</td>\n",
       "      <td>-0.003739</td>\n",
       "      <td>-0.054314</td>\n",
       "    </tr>\n",
       "    <tr>\n",
       "      <th>month</th>\n",
       "      <td>-0.134689</td>\n",
       "      <td>1.000000</td>\n",
       "      <td>-0.002720</td>\n",
       "      <td>0.005622</td>\n",
       "      <td>0.002898</td>\n",
       "      <td>0.007231</td>\n",
       "      <td>-0.002124</td>\n",
       "      <td>0.002569</td>\n",
       "      <td>0.002822</td>\n",
       "      <td>0.002796</td>\n",
       "      <td>0.002451</td>\n",
       "      <td>-0.187017</td>\n",
       "    </tr>\n",
       "    <tr>\n",
       "      <th>n</th>\n",
       "      <td>-0.041532</td>\n",
       "      <td>-0.002720</td>\n",
       "      <td>1.000000</td>\n",
       "      <td>0.387577</td>\n",
       "      <td>0.629565</td>\n",
       "      <td>0.189315</td>\n",
       "      <td>-0.041419</td>\n",
       "      <td>0.030515</td>\n",
       "      <td>0.029886</td>\n",
       "      <td>0.015187</td>\n",
       "      <td>-0.003211</td>\n",
       "      <td>0.013514</td>\n",
       "    </tr>\n",
       "    <tr>\n",
       "      <th>DSR</th>\n",
       "      <td>-0.040685</td>\n",
       "      <td>0.005622</td>\n",
       "      <td>0.387577</td>\n",
       "      <td>1.000000</td>\n",
       "      <td>0.771954</td>\n",
       "      <td>0.861959</td>\n",
       "      <td>0.120521</td>\n",
       "      <td>-0.121067</td>\n",
       "      <td>-0.121286</td>\n",
       "      <td>-0.090434</td>\n",
       "      <td>-0.073033</td>\n",
       "      <td>0.006427</td>\n",
       "    </tr>\n",
       "    <tr>\n",
       "      <th>lcl</th>\n",
       "      <td>-0.023232</td>\n",
       "      <td>0.002898</td>\n",
       "      <td>0.629565</td>\n",
       "      <td>0.771954</td>\n",
       "      <td>1.000000</td>\n",
       "      <td>0.396932</td>\n",
       "      <td>0.062943</td>\n",
       "      <td>-0.070604</td>\n",
       "      <td>-0.070791</td>\n",
       "      <td>-0.008708</td>\n",
       "      <td>-0.009477</td>\n",
       "      <td>0.005114</td>\n",
       "    </tr>\n",
       "    <tr>\n",
       "      <th>ucl</th>\n",
       "      <td>-0.048906</td>\n",
       "      <td>0.007231</td>\n",
       "      <td>0.189315</td>\n",
       "      <td>0.861959</td>\n",
       "      <td>0.396932</td>\n",
       "      <td>1.000000</td>\n",
       "      <td>0.139520</td>\n",
       "      <td>-0.133681</td>\n",
       "      <td>-0.133695</td>\n",
       "      <td>-0.139933</td>\n",
       "      <td>-0.110128</td>\n",
       "      <td>0.007401</td>\n",
       "    </tr>\n",
       "    <tr>\n",
       "      <th>score</th>\n",
       "      <td>-0.002904</td>\n",
       "      <td>-0.002124</td>\n",
       "      <td>-0.041419</td>\n",
       "      <td>0.120521</td>\n",
       "      <td>0.062943</td>\n",
       "      <td>0.139520</td>\n",
       "      <td>1.000000</td>\n",
       "      <td>-0.948926</td>\n",
       "      <td>-0.942987</td>\n",
       "      <td>-0.150468</td>\n",
       "      <td>-0.080140</td>\n",
       "      <td>0.048575</td>\n",
       "    </tr>\n",
       "    <tr>\n",
       "      <th>rank</th>\n",
       "      <td>0.002631</td>\n",
       "      <td>0.002569</td>\n",
       "      <td>0.030515</td>\n",
       "      <td>-0.121067</td>\n",
       "      <td>-0.070604</td>\n",
       "      <td>-0.133681</td>\n",
       "      <td>-0.948926</td>\n",
       "      <td>1.000000</td>\n",
       "      <td>0.993579</td>\n",
       "      <td>0.113519</td>\n",
       "      <td>0.037807</td>\n",
       "      <td>-0.044509</td>\n",
       "    </tr>\n",
       "    <tr>\n",
       "      <th>decile</th>\n",
       "      <td>0.002655</td>\n",
       "      <td>0.002822</td>\n",
       "      <td>0.029886</td>\n",
       "      <td>-0.121286</td>\n",
       "      <td>-0.070791</td>\n",
       "      <td>-0.133695</td>\n",
       "      <td>-0.942987</td>\n",
       "      <td>0.993579</td>\n",
       "      <td>1.000000</td>\n",
       "      <td>0.110310</td>\n",
       "      <td>0.035007</td>\n",
       "      <td>-0.042450</td>\n",
       "    </tr>\n",
       "    <tr>\n",
       "      <th>Shape_Leng</th>\n",
       "      <td>-0.003604</td>\n",
       "      <td>0.002796</td>\n",
       "      <td>0.015187</td>\n",
       "      <td>-0.090434</td>\n",
       "      <td>-0.008708</td>\n",
       "      <td>-0.139933</td>\n",
       "      <td>-0.150468</td>\n",
       "      <td>0.113519</td>\n",
       "      <td>0.110310</td>\n",
       "      <td>1.000000</td>\n",
       "      <td>0.936316</td>\n",
       "      <td>-0.097306</td>\n",
       "    </tr>\n",
       "    <tr>\n",
       "      <th>Shape_Area</th>\n",
       "      <td>-0.003739</td>\n",
       "      <td>0.002451</td>\n",
       "      <td>-0.003211</td>\n",
       "      <td>-0.073033</td>\n",
       "      <td>-0.009477</td>\n",
       "      <td>-0.110128</td>\n",
       "      <td>-0.080140</td>\n",
       "      <td>0.037807</td>\n",
       "      <td>0.035007</td>\n",
       "      <td>0.936316</td>\n",
       "      <td>1.000000</td>\n",
       "      <td>-0.088282</td>\n",
       "    </tr>\n",
       "    <tr>\n",
       "      <th>PM25</th>\n",
       "      <td>-0.054314</td>\n",
       "      <td>-0.187017</td>\n",
       "      <td>0.013514</td>\n",
       "      <td>0.006427</td>\n",
       "      <td>0.005114</td>\n",
       "      <td>0.007401</td>\n",
       "      <td>0.048575</td>\n",
       "      <td>-0.044509</td>\n",
       "      <td>-0.042450</td>\n",
       "      <td>-0.097306</td>\n",
       "      <td>-0.088282</td>\n",
       "      <td>1.000000</td>\n",
       "    </tr>\n",
       "  </tbody>\n",
       "</table>\n",
       "</div>"
      ],
      "text/plain": [
       "                year     month         n       DSR       lcl       ucl  \\\n",
       "year        1.000000 -0.134689 -0.041532 -0.040685 -0.023232 -0.048906   \n",
       "month      -0.134689  1.000000 -0.002720  0.005622  0.002898  0.007231   \n",
       "n          -0.041532 -0.002720  1.000000  0.387577  0.629565  0.189315   \n",
       "DSR        -0.040685  0.005622  0.387577  1.000000  0.771954  0.861959   \n",
       "lcl        -0.023232  0.002898  0.629565  0.771954  1.000000  0.396932   \n",
       "ucl        -0.048906  0.007231  0.189315  0.861959  0.396932  1.000000   \n",
       "score      -0.002904 -0.002124 -0.041419  0.120521  0.062943  0.139520   \n",
       "rank        0.002631  0.002569  0.030515 -0.121067 -0.070604 -0.133681   \n",
       "decile      0.002655  0.002822  0.029886 -0.121286 -0.070791 -0.133695   \n",
       "Shape_Leng -0.003604  0.002796  0.015187 -0.090434 -0.008708 -0.139933   \n",
       "Shape_Area -0.003739  0.002451 -0.003211 -0.073033 -0.009477 -0.110128   \n",
       "PM25       -0.054314 -0.187017  0.013514  0.006427  0.005114  0.007401   \n",
       "\n",
       "               score      rank    decile  Shape_Leng  Shape_Area      PM25  \n",
       "year       -0.002904  0.002631  0.002655   -0.003604   -0.003739 -0.054314  \n",
       "month      -0.002124  0.002569  0.002822    0.002796    0.002451 -0.187017  \n",
       "n          -0.041419  0.030515  0.029886    0.015187   -0.003211  0.013514  \n",
       "DSR         0.120521 -0.121067 -0.121286   -0.090434   -0.073033  0.006427  \n",
       "lcl         0.062943 -0.070604 -0.070791   -0.008708   -0.009477  0.005114  \n",
       "ucl         0.139520 -0.133681 -0.133695   -0.139933   -0.110128  0.007401  \n",
       "score       1.000000 -0.948926 -0.942987   -0.150468   -0.080140  0.048575  \n",
       "rank       -0.948926  1.000000  0.993579    0.113519    0.037807 -0.044509  \n",
       "decile     -0.942987  0.993579  1.000000    0.110310    0.035007 -0.042450  \n",
       "Shape_Leng -0.150468  0.113519  0.110310    1.000000    0.936316 -0.097306  \n",
       "Shape_Area -0.080140  0.037807  0.035007    0.936316    1.000000 -0.088282  \n",
       "PM25        0.048575 -0.044509 -0.042450   -0.097306   -0.088282  1.000000  "
      ]
     },
     "execution_count": 58,
     "metadata": {},
     "output_type": "execute_result"
    }
   ],
   "source": [
    "Circ_AP.corr()"
   ]
  },
  {
   "cell_type": "code",
   "execution_count": 59,
   "metadata": {
    "collapsed": false
   },
   "outputs": [
    {
     "data": {
      "text/html": [
       "<div>\n",
       "<table border=\"1\" class=\"dataframe\">\n",
       "  <thead>\n",
       "    <tr style=\"text-align: right;\">\n",
       "      <th></th>\n",
       "      <th>year</th>\n",
       "      <th>month</th>\n",
       "      <th>n</th>\n",
       "      <th>DSR</th>\n",
       "      <th>lcl</th>\n",
       "      <th>ucl</th>\n",
       "      <th>score</th>\n",
       "      <th>rank</th>\n",
       "      <th>decile</th>\n",
       "      <th>Shape_Leng</th>\n",
       "      <th>Shape_Area</th>\n",
       "      <th>PM25</th>\n",
       "    </tr>\n",
       "  </thead>\n",
       "  <tbody>\n",
       "    <tr>\n",
       "      <th>year</th>\n",
       "      <td>1.000000</td>\n",
       "      <td>-0.140602</td>\n",
       "      <td>-0.026411</td>\n",
       "      <td>-0.021796</td>\n",
       "      <td>-0.003985</td>\n",
       "      <td>-0.040839</td>\n",
       "      <td>-0.007367</td>\n",
       "      <td>0.007486</td>\n",
       "      <td>0.007489</td>\n",
       "      <td>0.003581</td>\n",
       "      <td>0.002394</td>\n",
       "      <td>-0.045864</td>\n",
       "    </tr>\n",
       "    <tr>\n",
       "      <th>month</th>\n",
       "      <td>-0.140602</td>\n",
       "      <td>1.000000</td>\n",
       "      <td>0.073893</td>\n",
       "      <td>0.004728</td>\n",
       "      <td>0.017406</td>\n",
       "      <td>-0.001057</td>\n",
       "      <td>-0.001297</td>\n",
       "      <td>0.001411</td>\n",
       "      <td>0.001563</td>\n",
       "      <td>-0.001041</td>\n",
       "      <td>-0.000721</td>\n",
       "      <td>-0.198267</td>\n",
       "    </tr>\n",
       "    <tr>\n",
       "      <th>n</th>\n",
       "      <td>-0.026411</td>\n",
       "      <td>0.073893</td>\n",
       "      <td>1.000000</td>\n",
       "      <td>0.471766</td>\n",
       "      <td>0.687324</td>\n",
       "      <td>0.272462</td>\n",
       "      <td>0.147800</td>\n",
       "      <td>-0.144530</td>\n",
       "      <td>-0.143404</td>\n",
       "      <td>-0.057565</td>\n",
       "      <td>-0.039081</td>\n",
       "      <td>-0.074442</td>\n",
       "    </tr>\n",
       "    <tr>\n",
       "      <th>DSR</th>\n",
       "      <td>-0.021796</td>\n",
       "      <td>0.004728</td>\n",
       "      <td>0.471766</td>\n",
       "      <td>1.000000</td>\n",
       "      <td>0.747236</td>\n",
       "      <td>0.882978</td>\n",
       "      <td>0.234440</td>\n",
       "      <td>-0.219392</td>\n",
       "      <td>-0.218679</td>\n",
       "      <td>-0.109093</td>\n",
       "      <td>-0.089607</td>\n",
       "      <td>-0.053153</td>\n",
       "    </tr>\n",
       "    <tr>\n",
       "      <th>lcl</th>\n",
       "      <td>-0.003985</td>\n",
       "      <td>0.017406</td>\n",
       "      <td>0.687324</td>\n",
       "      <td>0.747236</td>\n",
       "      <td>1.000000</td>\n",
       "      <td>0.411417</td>\n",
       "      <td>0.238427</td>\n",
       "      <td>-0.223471</td>\n",
       "      <td>-0.222490</td>\n",
       "      <td>-0.074162</td>\n",
       "      <td>-0.060844</td>\n",
       "      <td>-0.061305</td>\n",
       "    </tr>\n",
       "    <tr>\n",
       "      <th>ucl</th>\n",
       "      <td>-0.040839</td>\n",
       "      <td>-0.001057</td>\n",
       "      <td>0.272462</td>\n",
       "      <td>0.882978</td>\n",
       "      <td>0.411417</td>\n",
       "      <td>1.000000</td>\n",
       "      <td>0.166543</td>\n",
       "      <td>-0.153124</td>\n",
       "      <td>-0.153517</td>\n",
       "      <td>-0.112678</td>\n",
       "      <td>-0.089999</td>\n",
       "      <td>-0.025688</td>\n",
       "    </tr>\n",
       "    <tr>\n",
       "      <th>score</th>\n",
       "      <td>-0.007367</td>\n",
       "      <td>-0.001297</td>\n",
       "      <td>0.147800</td>\n",
       "      <td>0.234440</td>\n",
       "      <td>0.238427</td>\n",
       "      <td>0.166543</td>\n",
       "      <td>1.000000</td>\n",
       "      <td>-0.948246</td>\n",
       "      <td>-0.942499</td>\n",
       "      <td>-0.166402</td>\n",
       "      <td>-0.094551</td>\n",
       "      <td>0.057206</td>\n",
       "    </tr>\n",
       "    <tr>\n",
       "      <th>rank</th>\n",
       "      <td>0.007486</td>\n",
       "      <td>0.001411</td>\n",
       "      <td>-0.144530</td>\n",
       "      <td>-0.219392</td>\n",
       "      <td>-0.223471</td>\n",
       "      <td>-0.153124</td>\n",
       "      <td>-0.948246</td>\n",
       "      <td>1.000000</td>\n",
       "      <td>0.993820</td>\n",
       "      <td>0.134679</td>\n",
       "      <td>0.057226</td>\n",
       "      <td>-0.052942</td>\n",
       "    </tr>\n",
       "    <tr>\n",
       "      <th>decile</th>\n",
       "      <td>0.007489</td>\n",
       "      <td>0.001563</td>\n",
       "      <td>-0.143404</td>\n",
       "      <td>-0.218679</td>\n",
       "      <td>-0.222490</td>\n",
       "      <td>-0.153517</td>\n",
       "      <td>-0.942499</td>\n",
       "      <td>0.993820</td>\n",
       "      <td>1.000000</td>\n",
       "      <td>0.131644</td>\n",
       "      <td>0.054716</td>\n",
       "      <td>-0.051031</td>\n",
       "    </tr>\n",
       "    <tr>\n",
       "      <th>Shape_Leng</th>\n",
       "      <td>0.003581</td>\n",
       "      <td>-0.001041</td>\n",
       "      <td>-0.057565</td>\n",
       "      <td>-0.109093</td>\n",
       "      <td>-0.074162</td>\n",
       "      <td>-0.112678</td>\n",
       "      <td>-0.166402</td>\n",
       "      <td>0.134679</td>\n",
       "      <td>0.131644</td>\n",
       "      <td>1.000000</td>\n",
       "      <td>0.935527</td>\n",
       "      <td>-0.094282</td>\n",
       "    </tr>\n",
       "    <tr>\n",
       "      <th>Shape_Area</th>\n",
       "      <td>0.002394</td>\n",
       "      <td>-0.000721</td>\n",
       "      <td>-0.039081</td>\n",
       "      <td>-0.089607</td>\n",
       "      <td>-0.060844</td>\n",
       "      <td>-0.089999</td>\n",
       "      <td>-0.094551</td>\n",
       "      <td>0.057226</td>\n",
       "      <td>0.054716</td>\n",
       "      <td>0.935527</td>\n",
       "      <td>1.000000</td>\n",
       "      <td>-0.085043</td>\n",
       "    </tr>\n",
       "    <tr>\n",
       "      <th>PM25</th>\n",
       "      <td>-0.045864</td>\n",
       "      <td>-0.198267</td>\n",
       "      <td>-0.074442</td>\n",
       "      <td>-0.053153</td>\n",
       "      <td>-0.061305</td>\n",
       "      <td>-0.025688</td>\n",
       "      <td>0.057206</td>\n",
       "      <td>-0.052942</td>\n",
       "      <td>-0.051031</td>\n",
       "      <td>-0.094282</td>\n",
       "      <td>-0.085043</td>\n",
       "      <td>1.000000</td>\n",
       "    </tr>\n",
       "  </tbody>\n",
       "</table>\n",
       "</div>"
      ],
      "text/plain": [
       "                year     month         n       DSR       lcl       ucl  \\\n",
       "year        1.000000 -0.140602 -0.026411 -0.021796 -0.003985 -0.040839   \n",
       "month      -0.140602  1.000000  0.073893  0.004728  0.017406 -0.001057   \n",
       "n          -0.026411  0.073893  1.000000  0.471766  0.687324  0.272462   \n",
       "DSR        -0.021796  0.004728  0.471766  1.000000  0.747236  0.882978   \n",
       "lcl        -0.003985  0.017406  0.687324  0.747236  1.000000  0.411417   \n",
       "ucl        -0.040839 -0.001057  0.272462  0.882978  0.411417  1.000000   \n",
       "score      -0.007367 -0.001297  0.147800  0.234440  0.238427  0.166543   \n",
       "rank        0.007486  0.001411 -0.144530 -0.219392 -0.223471 -0.153124   \n",
       "decile      0.007489  0.001563 -0.143404 -0.218679 -0.222490 -0.153517   \n",
       "Shape_Leng  0.003581 -0.001041 -0.057565 -0.109093 -0.074162 -0.112678   \n",
       "Shape_Area  0.002394 -0.000721 -0.039081 -0.089607 -0.060844 -0.089999   \n",
       "PM25       -0.045864 -0.198267 -0.074442 -0.053153 -0.061305 -0.025688   \n",
       "\n",
       "               score      rank    decile  Shape_Leng  Shape_Area      PM25  \n",
       "year       -0.007367  0.007486  0.007489    0.003581    0.002394 -0.045864  \n",
       "month      -0.001297  0.001411  0.001563   -0.001041   -0.000721 -0.198267  \n",
       "n           0.147800 -0.144530 -0.143404   -0.057565   -0.039081 -0.074442  \n",
       "DSR         0.234440 -0.219392 -0.218679   -0.109093   -0.089607 -0.053153  \n",
       "lcl         0.238427 -0.223471 -0.222490   -0.074162   -0.060844 -0.061305  \n",
       "ucl         0.166543 -0.153124 -0.153517   -0.112678   -0.089999 -0.025688  \n",
       "score       1.000000 -0.948246 -0.942499   -0.166402   -0.094551  0.057206  \n",
       "rank       -0.948246  1.000000  0.993820    0.134679    0.057226 -0.052942  \n",
       "decile     -0.942499  0.993820  1.000000    0.131644    0.054716 -0.051031  \n",
       "Shape_Leng -0.166402  0.134679  0.131644    1.000000    0.935527 -0.094282  \n",
       "Shape_Area -0.094551  0.057226  0.054716    0.935527    1.000000 -0.085043  \n",
       "PM25        0.057206 -0.052942 -0.051031   -0.094282   -0.085043  1.000000  "
      ]
     },
     "execution_count": 59,
     "metadata": {},
     "output_type": "execute_result"
    }
   ],
   "source": [
    "Resp_AP.corr()"
   ]
  },
  {
   "cell_type": "code",
   "execution_count": 60,
   "metadata": {
    "collapsed": false
   },
   "outputs": [
    {
     "data": {
      "text/html": [
       "<table class=\"simpletable\">\n",
       "<caption>OLS Regression Results</caption>\n",
       "<tr>\n",
       "  <th>Dep. Variable:</th>           <td>DSR</td>       <th>  R-squared:         </th>  <td>   0.000</td>  \n",
       "</tr>\n",
       "<tr>\n",
       "  <th>Model:</th>                   <td>OLS</td>       <th>  Adj. R-squared:    </th>  <td>   0.000</td>  \n",
       "</tr>\n",
       "<tr>\n",
       "  <th>Method:</th>             <td>Least Squares</td>  <th>  F-statistic:       </th>  <td>   2.731</td>  \n",
       "</tr>\n",
       "<tr>\n",
       "  <th>Date:</th>             <td>Fri, 26 Aug 2016</td> <th>  Prob (F-statistic):</th>   <td>0.0984</td>   \n",
       "</tr>\n",
       "<tr>\n",
       "  <th>Time:</th>                 <td>14:56:48</td>     <th>  Log-Likelihood:    </th> <td>-4.2102e+05</td>\n",
       "</tr>\n",
       "<tr>\n",
       "  <th>No. Observations:</th>      <td> 66127</td>      <th>  AIC:               </th>  <td>8.421e+05</td> \n",
       "</tr>\n",
       "<tr>\n",
       "  <th>Df Residuals:</th>          <td> 66125</td>      <th>  BIC:               </th>  <td>8.421e+05</td> \n",
       "</tr>\n",
       "<tr>\n",
       "  <th>Df Model:</th>              <td>     1</td>      <th>                     </th>      <td> </td>     \n",
       "</tr>\n",
       "<tr>\n",
       "  <th>Covariance Type:</th>      <td>nonrobust</td>    <th>                     </th>      <td> </td>     \n",
       "</tr>\n",
       "</table>\n",
       "<table class=\"simpletable\">\n",
       "<tr>\n",
       "      <td></td>         <th>coef</th>     <th>std err</th>      <th>t</th>      <th>P>|t|</th> <th>[95.0% Conf. Int.]</th> \n",
       "</tr>\n",
       "<tr>\n",
       "  <th>Intercept</th> <td>  184.8000</td> <td>    1.584</td> <td>  116.670</td> <td> 0.000</td> <td>  181.695   187.905</td>\n",
       "</tr>\n",
       "<tr>\n",
       "  <th>PM25</th>      <td>    0.1984</td> <td>    0.120</td> <td>    1.653</td> <td> 0.098</td> <td>   -0.037     0.434</td>\n",
       "</tr>\n",
       "</table>\n",
       "<table class=\"simpletable\">\n",
       "<tr>\n",
       "  <th>Omnibus:</th>       <td>90316.602</td> <th>  Durbin-Watson:     </th>   <td>   1.711</td>   \n",
       "</tr>\n",
       "<tr>\n",
       "  <th>Prob(Omnibus):</th>  <td> 0.000</td>   <th>  Jarque-Bera (JB):  </th> <td>171488324.404</td>\n",
       "</tr>\n",
       "<tr>\n",
       "  <th>Skew:</th>           <td> 7.126</td>   <th>  Prob(JB):          </th>   <td>    0.00</td>   \n",
       "</tr>\n",
       "<tr>\n",
       "  <th>Kurtosis:</th>       <td>252.071</td>  <th>  Cond. No.          </th>   <td>    38.3</td>   \n",
       "</tr>\n",
       "</table>"
      ],
      "text/plain": [
       "<class 'statsmodels.iolib.summary.Summary'>\n",
       "\"\"\"\n",
       "                            OLS Regression Results                            \n",
       "==============================================================================\n",
       "Dep. Variable:                    DSR   R-squared:                       0.000\n",
       "Model:                            OLS   Adj. R-squared:                  0.000\n",
       "Method:                 Least Squares   F-statistic:                     2.731\n",
       "Date:                Fri, 26 Aug 2016   Prob (F-statistic):             0.0984\n",
       "Time:                        14:56:48   Log-Likelihood:            -4.2102e+05\n",
       "No. Observations:               66127   AIC:                         8.421e+05\n",
       "Df Residuals:                   66125   BIC:                         8.421e+05\n",
       "Df Model:                           1                                         \n",
       "Covariance Type:            nonrobust                                         \n",
       "==============================================================================\n",
       "                 coef    std err          t      P>|t|      [95.0% Conf. Int.]\n",
       "------------------------------------------------------------------------------\n",
       "Intercept    184.8000      1.584    116.670      0.000       181.695   187.905\n",
       "PM25           0.1984      0.120      1.653      0.098        -0.037     0.434\n",
       "==============================================================================\n",
       "Omnibus:                    90316.602   Durbin-Watson:                   1.711\n",
       "Prob(Omnibus):                  0.000   Jarque-Bera (JB):        171488324.404\n",
       "Skew:                           7.126   Prob(JB):                         0.00\n",
       "Kurtosis:                     252.071   Cond. No.                         38.3\n",
       "==============================================================================\n",
       "\n",
       "Warnings:\n",
       "[1] Standard Errors assume that the covariance matrix of the errors is correctly specified.\n",
       "\"\"\""
      ]
     },
     "execution_count": 60,
     "metadata": {},
     "output_type": "execute_result"
    }
   ],
   "source": [
    "model = ols(\"DSR ~  PM25\", data=Circ_AP)\n",
    "Circulatory_results = model.fit()\n",
    "Circulatory_results.summary()"
   ]
  },
  {
   "cell_type": "code",
   "execution_count": 61,
   "metadata": {
    "collapsed": false
   },
   "outputs": [
    {
     "data": {
      "text/html": [
       "<table class=\"simpletable\">\n",
       "<caption>OLS Regression Results</caption>\n",
       "<tr>\n",
       "  <th>Dep. Variable:</th>           <td>DSR</td>       <th>  R-squared:         </th>  <td>   0.003</td>  \n",
       "</tr>\n",
       "<tr>\n",
       "  <th>Model:</th>                   <td>OLS</td>       <th>  Adj. R-squared:    </th>  <td>   0.003</td>  \n",
       "</tr>\n",
       "<tr>\n",
       "  <th>Method:</th>             <td>Least Squares</td>  <th>  F-statistic:       </th>  <td>   182.1</td>  \n",
       "</tr>\n",
       "<tr>\n",
       "  <th>Date:</th>             <td>Fri, 26 Aug 2016</td> <th>  Prob (F-statistic):</th>  <td>1.96e-41</td>  \n",
       "</tr>\n",
       "<tr>\n",
       "  <th>Time:</th>                 <td>14:56:51</td>     <th>  Log-Likelihood:    </th> <td>-4.0606e+05</td>\n",
       "</tr>\n",
       "<tr>\n",
       "  <th>No. Observations:</th>      <td> 64261</td>      <th>  AIC:               </th>  <td>8.121e+05</td> \n",
       "</tr>\n",
       "<tr>\n",
       "  <th>Df Residuals:</th>          <td> 64259</td>      <th>  BIC:               </th>  <td>8.121e+05</td> \n",
       "</tr>\n",
       "<tr>\n",
       "  <th>Df Model:</th>              <td>     1</td>      <th>                     </th>      <td> </td>     \n",
       "</tr>\n",
       "<tr>\n",
       "  <th>Covariance Type:</th>      <td>nonrobust</td>    <th>                     </th>      <td> </td>     \n",
       "</tr>\n",
       "</table>\n",
       "<table class=\"simpletable\">\n",
       "<tr>\n",
       "      <td></td>         <th>coef</th>     <th>std err</th>      <th>t</th>      <th>P>|t|</th> <th>[95.0% Conf. Int.]</th> \n",
       "</tr>\n",
       "<tr>\n",
       "  <th>Intercept</th> <td>  181.8965</td> <td>    1.517</td> <td>  119.898</td> <td> 0.000</td> <td>  178.923   184.870</td>\n",
       "</tr>\n",
       "<tr>\n",
       "  <th>PM25</th>      <td>   -1.5600</td> <td>    0.116</td> <td>  -13.493</td> <td> 0.000</td> <td>   -1.787    -1.333</td>\n",
       "</tr>\n",
       "</table>\n",
       "<table class=\"simpletable\">\n",
       "<tr>\n",
       "  <th>Omnibus:</th>       <td>85527.125</td> <th>  Durbin-Watson:     </th>   <td>   1.678</td>   \n",
       "</tr>\n",
       "<tr>\n",
       "  <th>Prob(Omnibus):</th>  <td> 0.000</td>   <th>  Jarque-Bera (JB):  </th> <td>185408324.737</td>\n",
       "</tr>\n",
       "<tr>\n",
       "  <th>Skew:</th>           <td> 6.703</td>   <th>  Prob(JB):          </th>   <td>    0.00</td>   \n",
       "</tr>\n",
       "<tr>\n",
       "  <th>Kurtosis:</th>       <td>265.804</td>  <th>  Cond. No.          </th>   <td>    37.8</td>   \n",
       "</tr>\n",
       "</table>"
      ],
      "text/plain": [
       "<class 'statsmodels.iolib.summary.Summary'>\n",
       "\"\"\"\n",
       "                            OLS Regression Results                            \n",
       "==============================================================================\n",
       "Dep. Variable:                    DSR   R-squared:                       0.003\n",
       "Model:                            OLS   Adj. R-squared:                  0.003\n",
       "Method:                 Least Squares   F-statistic:                     182.1\n",
       "Date:                Fri, 26 Aug 2016   Prob (F-statistic):           1.96e-41\n",
       "Time:                        14:56:51   Log-Likelihood:            -4.0606e+05\n",
       "No. Observations:               64261   AIC:                         8.121e+05\n",
       "Df Residuals:                   64259   BIC:                         8.121e+05\n",
       "Df Model:                           1                                         \n",
